# YOLOv5 Hyperparameter Evolution Results
# Best generation: 1
# Last generation: 3
#    metrics/precision,       metrics/recall,      metrics/mAP_0.5, metrics/mAP_0.5:0.95,         val/box_loss,         val/obj_loss,         val/cls_loss
#              0.30043,              0.37013,              0.31947,              0.20949,             0.036352,               0.0171,            0.0040677

lr0: 0.01051
lrf: 0.01003
momentum: 0.94355
weight_decay: 0.00051
warmup_epochs: 3.0354
warmup_momentum: 0.78972
warmup_bias_lr: 0.08603
box: 0.05
cls: 0.49384
cls_pw: 0.95686
obj: 1.0841
obj_pw: 1.0
iou_t: 0.2
anchor_t: 3.6801
fl_gamma: 0.0
hsv_h: 0.01498
hsv_s: 0.68555
hsv_v: 0.42766
degrees: 0.0
translate: 0.09123
scale: 0.51312
shear: 0.0
perspective: 0.0
flipud: 0.0
fliplr: 0.5
mosaic: 1.0
mixup: 0.0
copy_paste: 0.0
anchors: 2.9268
