lr0: 0.00816
lrf: 0.01
momentum: 0.88214
weight_decay: 0.0005
warmup_epochs: 4.2752
warmup_momentum: 0.82397
warmup_bias_lr: 0.08129
box: 0.05158
cls: 0.42368
cls_pw: 1.2722
obj: 0.92714
obj_pw: 0.92939
iou_t: 0.2
anchor_t: 3.6957
fl_gamma: 0.0
hsv_h: 0.01642
hsv_s: 0.76065
hsv_v: 0.29355
degrees: 0.0
translate: 0.08775
scale: 0.44663
shear: 0.0
perspective: 0.0
flipud: 0.0
fliplr: 0.5
mosaic: 1.0
mixup: 0.0
copy_paste: 0.0
anchors: 3.1079
